# Created by Octave 4.2.2, Mon Nov 08 20:28:29 2021 +07 <edgar@edgar-VirtualBox>
# name: trainedNetwork
# type: cell
# rows: 1
# columns: 2
# name: <cell-element>
# type: matrix
# rows: 8
# columns: 4
 -2.206990854106404 0.2333914903028414 3.10261525974436 1.566713231765572
 5.963091014988039 1.505176291994919 -6.438858786405778 2.587030867620002
 -8.283195478500671 1.466823652041076 11.28768528862512 0.1146775925397114
 11.67877522422004 -0.738146644886194 -11.15340775512661 -0.7237487884232725
 -5.501919866290721 -1.302888185831031 4.154815504999415 -1.131714203595146
 9.701887783031136 2.26038228624483 -10.75295938894738 2.198693172803483
 -1.416915238902254 2.466740740551546 9.109177510429475 5.941327508247988
 -0.01524245738983154 -0.3273922652006149 0.4775233268737793 -0.1984702944755554



# name: <cell-element>
# type: matrix
# rows: 2
# columns: 8
 0.4350226022897973 -2.986173625780766 2.375776651721063 -2.935073659453208 1.895133589147769 -5.01292445086861 1.812537993760788 0.434847601014776
 -1.811104235598334 1.024430132097398 -4.702789890181467 5.445630734200652 -2.14327307188495 2.50643702771823 -2.565071146822987 0.39673821357049





# name: networkStructure
# type: matrix
# rows: 1
# columns: 3
 3 7 2


# name: nnParams
# type: cell
# rows: 1
# columns: 2
# name: <cell-element>
# type: matrix
# rows: 7
# columns: 4
 -2.206990854106404 0.2333914903028414 3.10261525974436 1.566713231765572
 5.963091014988039 1.505176291994919 -6.438858786405778 2.587030867620002
 -8.283195478500671 1.466823652041076 11.28768528862512 0.1146775925397114
 11.67877522422004 -0.738146644886194 -11.15340775512661 -0.7237487884232725
 -5.501919866290721 -1.302888185831031 4.154815504999415 -1.131714203595146
 9.701887783031136 2.26038228624483 -10.75295938894738 2.198693172803483
 -1.416915238902254 2.466740740551546 9.109177510429475 5.941327508247988



# name: <cell-element>
# type: matrix
# rows: 2
# columns: 8
 0.4350226022897973 -2.986173625780766 2.375776651721063 -2.935073659453208 1.895133589147769 -5.01292445086861 1.812537993760788 0.434847601014776
 -1.811104235598334 1.024430132097398 -4.702789890181467 5.445630734200652 -2.14327307188495 2.50643702771823 -2.565071146822987 0.39673821357049





